((("=" .
   [1])
  ("LIBRALYPATH" .
   [0 0 0 1 0 0 0 0 0 0 0])
  ("mkdir" .
   [0 0 0 0 1])
  ("~/Library/" .
   [0 0 0 0 1 0 0 0 0 0])
  ("picklizeResults" .
   [0 0 0 0 0 0 0 0 0 1 0 0 0 0 0])
  ("file_name" .
   [1 0 0 1 0 1 0 0 0])
  ("picklizeBuffDcts" .
   [0 0 1 0 0 0 0 0 0 0 0 0 0 0 0 0])
  ("results" .
   [1 0 0 0 1 0 0])
  ("getResults" .
   [0 0 0 0 1 0 0 0 0 0])
  ("print_results" .
   [0 0 0 0 0 0 0 0 1 0 0 0 1])
  ("google_ins" .
   [3 0 0 0 0 0 0 0 0 1])
  ("google_inc" .
   [1 0 0 0 0 0 0 0 0 0])
  ("dcts" .
   [4 0 1 0])
  ("ap" .
   [4 0])
  ("aroundPhrase" .
   [0 0 0 0 2 0 0 0 0 0 0 0])
  ("nabst" .
   [0 0 0 1 0])
  ("naround" .
   [0 0 0 2 0 0 0])
  ("pat" .
   [1 0 0])
  ("htmml" .
   [1 0 0 0 0])
  ("AttributeError" .
   [0 0 1 0 0 0 0 0 0 0 0 0 0 0])
  ("HTTPError" .
   [0 0 0 0 0 0 0 0 1])
  ("tld" .
   [1 0 0])
  ("only_standard" .
   [0 0 0 1 0 0 0 0 0 0 0 0 0])
  ("pause" .
   [1 0 0 1 0])
  ("max_count" .
   [0 0 0 0 1 0 0 0 0])
  ("nhk" .
   [2 0 0])
  ("urlopen" .
   [1 0 0 0 1 0 1])
  ("urllib2" .
   [0 0 0 7 0 0 0])
  ("x2" .
   [6 0])
  ("dabs" .
   [1 0 0 0])
  ("xi" .
   [4 0])
  ("ex11" .
   [1 0 0 0])
  ("ex12" .
   [2 0 0 0])
  ("numerical_newton" .
   [0 0 2 0 1 0 0 0 0 0 0 0 0 0 0 0])
  ("newton" .
   [0 0 0 1 0 0])
  ("x1" .
   [15 0])
  ("df" .
   [2 0])
  ("100" .
   [2 0 0])
  ("maxRecursion" .
   [0 0 0 2 0 0 0 0 0 0 0 0])
  ("dfunc" .
   [3 0 0 0 2])
  ("diff" .
   [2 0 0 0])
  ("delta" .
   [12 0 0 0 0])
  ("ahoo" .
   [0 1 2 0])
  ("t" .
   [1])
  ("nil" .
   [1 0 0])
  ("summarye.el" .
   [0 0 0 0 1 0 0 0 0 0 0])
  ("autoload" .
   [0 0 0 0 0 0 0 1])
  ("gohyaku_yen" .
   [1 0 0 0 0 0 0 0 0 0 0])
  ("gohyaku_total" .
   [0 0 1 0 0 0 0 0 0 1 0 0 0])
  ("gohyaku" .
   [0 0 0 0 1 0 1])
  ("date_row" .
   [0 0 0 0 0 2 0 2])
  ("getInfosPath" .
   [0 0 0 0 1 0 0 0 0 0 0 0])
  ("ca" .
   [1 0])
  ("SiteDict" .
   [0 0 1 0 1 0 0 0])
  ("javfree" .
   [1 0 0 0 0 0 0])
  ("split" .
   [3 0 0 0 0])
  ("__dict__" .
   [0 0 0 0 1 0 0 0])
  ("entrycat" .
   [0 0 0 0 0 0 0 2])
  ("span" .
   [1 0 0 0])
  ("censored" .
   [1 0 0 1 0 0 0 0])
  ("mi" .
   [3 0])
  ("entryinfo" .
   [0 0 0 1 0 2 0 0 0])
  ("bs" .
   [4 0])
  ("maker" .
   [0 0 0 0 1])
  ("search" .
   [2 0 1 0 0 0])
  ("avi" .
   [1 0 0])
  ("remove" .
   [2 0 0 0 0 0])
  ("strremove" .
   [0 0 0 0 0 0 1 0 0])
  ("seq" .
   [1 0 0])
  ("string" .
   [1 0 0 0 0 2])
  ("title_row" .
   [0 0 1 3 1 4 0 0 0])
  ("BeautifulSoup" .
   [0 0 2 3 0 0 0 0 0 0 0 0 1])
  ("group" .
   [1 0 0 1 0])
  ("text" .
   [5 0 1 0])
  ("site" .
   [1 0 0 0])
  ("code2infoFromJavfree" .
   [1 0 0 0 0 0 0 0 0 0 0 0 0 0 0 0 0 0 0 0])
  ("lines2info" .
   [0 0 0 0 0 1 0 0 0 0])
  ("lines" .
   [2 0 0 0 0])
  ("line2info" .
   [0 0 0 0 0 0 0 1 0])
  ("strip" .
   [2 0 0 0 0])
  ("MovieInfoTermsJp" .
   [0 0 1 0 0 0 0 0 0 0 1 0 0 0 0 0])
  ("line" .
   [7 0 0 0])
  ("MovieInfoTermJp" .
   [0 0 2 0 0 0 0 0 0 0 0 0 0 0 0])
  ("MovieInfo" .
   [1 0 2 0 0 0 0 0 1])
  ("choice" .
   [0 0 0 1 0 0])
  ("random_integers" .
   [0 0 0 0 0 0 0 0 0 1 0 0 0 0 0])
  ("length" .
   [4 0 0 0 0 0])
  ("alist" .
   [3 0 0 4 0])
  ("blen" .
   [1 0 0 0])
  ("cross" .
   [1 0 0 0 0])
  ("croo" .
   [1 0 0 0])
  ("numcro" .
   [0 0 0 0 1 0])
  ("chest" .
   [2 0 2 0 0])
  ("dtype" .
   [1 0 0 0 0])
  ("seed" .
   [1 0 0 1])
  ("header" .
   [0 0 1 2 0 0])
  ("win" .
   [2 0 0])
  ("result" .
   [0 0 0 1 1 0])
  ("secoundwin" .
   [0 0 0 0 1 0 0 0 0 0])
  ("shinba" .
   [2 0 0 0 0 0])
  ("mishouri" .
   [2 0 0 0 0 0 1 0])
  ("ri" .
   [9 0])
  ("getRaceInfoList" .
   [0 0 0 0 1 0 0 0 0 0 0 0 0 0 0])
  ("trifecta" .
   [0 0 0 0 6 0 0 0])
  ("tri" .
   [0 0 1])
  ("trio" .
   [4 0 0 0])
  ("exacta" .
   [0 0 2 2 0 0])
  ("quit" .
   [0 0 0 1])
  ("bracketquinella" .
   [0 0 0 4 0 0 0 0 0 0 0 0 0 0 0])
  ("quinellaplace" .
   [1 0 0 1 2 0 0 0 0 0 0 0 0])
  ("quinella" .
   [0 0 0 0 1 1 0 0])
  ("aui" .
   [1 0 0])
  ("Ticket" .
   [0 0 1 0 0 0])
  ("yen" .
   [4 1 4])
  ("pow" .
   [0 0 1])
  ("popularity" .
   [0 0 1 4 4 0 0 0 0 0])
  ("ticket" .
   [1 0 0 0 1 0])
  ("place" .
   [2 0 2 2 0])
  ("datetime" .
   [2 0 0 0 1 0 0 0])
  ("port" .
   [1 0 0 0])
  ("sudo" .
   [2 0 0 0])
  ("codecs" .
   [0 0 0 0 0 1])
  ("encoding" .
   [1 0 0 0 0 0 0 0])
  ("ProfileUrls" .
   [0 0 0 3 0 0 0 0 0 0 0])
  ("description" .
   [1 0 0 0 0 0 0 0 0 0 0])
  ("profile" .
   [0 0 0 0 0 0 1])
  ("number" .
   [4 0 3 4 1 0])
  ("this" .
   [2 0 0 0])
  ("timeline" .
   [2 0 0 0 0 0 0 0])
  ("pic" .
   [1 0 0])
  ("The" .
   [2 0 0])
  ("include" .
   [1 0 0 0 0 0 0])
  ("original" .
   [1 0 0 0 0 0 0 0])
  ("retweeted_status" .
   [0 0 0 0 0 0 0 0 0 1 0 0 0 0 0 0])
  ("isoriginal" .
   [0 0 0 1 1 1 0 0 0 0])
  ("count" .
   [2 0 0 4 1])
  ("sleeptime" .
   [1 0 0 0 0 0 0 1 1])
  ("photo" .
   [1 0 0 0 0])
  ("media_url_https" .
   [0 0 0 1 0 0 0 0 0 0 0 0 0 0 0])
  ("adict" .
   [3 0 0 0 0])
  ("enumerate" .
   [0 0 0 2 0 0 0 0 0])
  ("types" .
   [1 0 0 0 0])
  ("atypes" .
   [1 0 0 0 0 0])
  ("atype" .
   [2 0 0 0 0])
  ("ismedia" .
   [2 0 0 0 1 0 0])
  ("entities" .
   [0 0 1 0 1 0 0 0])
  ("twett" .
   [1 0 0 0 0])
  ("limit" .
   [0 0 0 0 3])
  ("items" .
   [1 0 0 0 0])
  ("api" .
   [3 0 0])
  ("cur" .
   [1 0 0])
  ("Cursor" .
   [0 0 1 1 0 0])
  ("tweepy" .
   [4 0 0 0 0 0])
  ("media" .
   [7 0 0 0 0])
  ("outputname" .
   [0 0 0 3 1 0 0 1 0 0])
  ("verbose" .
   [1 0 0 0 0 0 0])
  ("outputs" .
   [2 0 0 0 0 0 0])
  ("communicate" .
   [0 0 0 0 1 0 0 0 0 0 0])
  ("stdout" .
   [0 0 0 0 0 1])
  ("PIPE" .
   [0 0 1 1])
  ("Popen" .
   [1 0 0 0 0])
  ("subprocess" .
   [0 0 0 4 1 0 1 0 0 0])
  ("expanduser" .
   [0 0 0 0 0 0 0 1 0 1])
  ("url" .
   [16 0 0])
  ("directory" .
   [1 0 0 0 5 1 0 1 0])
  ("dict" .
   [3 0 1 0])
  ("exmkdir" .
   [0 0 0 1 0 0 0])
  ("~/Pictures/pic/twipic/" .
   [0 0 0 0 0 0 0 0 0 0 0 0 0 0 0 0 0 0 1 0 0 0])
  ("~/Pictures/pic/" .
   [0 0 0 0 0 0 0 0 0 0 0 0 0 1 0])
  ("~/Pictures/" .
   [0 0 0 0 1 0 0 0 0 0 0])
  ("downloadUserPic" .
   [0 0 1 0 2 0 0 0 0 0 0 0 0 0 0])
  ("urls" .
   [3 0 2 1])
  ("tweet" .
   [10 0 0 2 3])
  ("user" .
   [7 0 0 0])
  ("dir" .
   [3 0 0])
  ("userid" .
   [3 0 1 2 3 5])
  ("get_user" .
   [0 0 0 0 0 0 0 1])
  ("xrange_" .
   [0 0 1 0 0 0 0])
  ("graphpara" .
   [0 0 1 0 0 0 0 0 0])
  ("intern" .
   [0 0 0 1 0 0])
  ("nx" .
   [8 0])
  ("dble" .
   [2 0 0 0])
  ("sx" .
   [6 0])
  ("ex" .
   [4 0])
  ("min" .
   [1 0 0])
  ("ps" .
   [4 0])
  ("dx" .
   [8 0])
  ("5e0" .
   [1 0 0])
  ("of" .
   [1 0])
  ("to" .
   [5 0])
  ("28" .
   [1 0])
  ("unit" .
   [2 0 0 2])
  ("fnp" .
   [5 0 0])
  ("bisect" .
   [0 0 1 0 2 0])
  ("inf" .
   [0 0 1])
  ("optimize" .
   [0 0 0 1 2 0 0 0])
  ("scipy" .
   [0 0 0 3 0])
  ("nmu" .
   [1 0 0])
  ("boost" .
   [1 0 0 0 0])
  ("cmd" .
   [2 0 0])
  ("term" .
   [4 0 0 0])
  ("color" .
   [2 0 0 0 0])
  ("q" .
   [1])
  ("iteritems" .
   [0 0 0 0 0 2 0 0 0])
  ("iterkeys" .
   [0 0 0 0 0 0 0 1])
  ("terms" .
   [4 0 0 0 0])
  ("postscript" .
   [0 0 0 1 2 0 0 0 0 0])
  ("post" .
   [3 0 0 0])
  ("enha" .
   [5 0 0 0])
  ("True" .
   [29 0 0 1])
  ("format" .
   [0 0 0 0 0 1])
  ("tuple" .
   [1 1 0 0 0])
  ("ValueError" .
   [0 1 2 0 0 0 0 0 0 0])
  ("type" .
   [6 0 0 0])
  ("isinstance" .
   [4 0 0 0 1 0 0 0 0 0])
  ("output" .
   [3 0 0 2 0 0])
  ("size" .
   [8 0 0 0])
  ("tpl" .
   [6 0 0])
  ("prog" .
   [2 0 0 1])
  ("porg" .
   [1 0 0 0])
  ("plot" .
   [2 0 0 0])
  ("continue" .
   [3 0 0 2 0 0 0 0])
  ("ixs" .
   [1 0 0])
  ("counter" .
   [1 0 0 0 1 0 0])
  ("ed_user" .
   [0 0 1 0 0 0 0])
  ("Session" .
   [0 0 0 0 1 0 0])
  ("engine" .
   [1 0 0 0 0 0])
  ("sessionmaker" .
   [0 0 0 0 2 0 1 0 0 0 0 0])
  ("orm" .
   [1 0 0])
  ("sqlalchemy" .
   [0 0 0 0 1 0 0 0 0 0])
  ("id" .
   [4 0])
  ("50" .
   [1 0])
  ("min_x" .
   [1 0 0 1 0])
  ("max_x" .
   [1 0 0 0 0])
  ("flush" .
   [1 0 0 0 0])
  ("build_db" .
   [0 0 0 1 0 0 0 0])
  ("getattr" .
   [0 0 0 1 0 0 0])
  ("mixture" .
   [0 0 1 0 0 0 1])
  ("mix" .
   [2 0 0])
  ("solveCE" .
   [0 0 1 0 0 0 0])
  ("solve" .
   [0 0 1 1 0])
  ("syslog" .
   [0 0 0 1 0 0])
  ("funcF" .
   [1 0 0 0 0])
  ("load_ins" .
   [1 0 0 0 0 0 0 0])
  ("load_inis" .
   [1 0 0 0 0 0 0 0 0])
  ("dst" .
   [1 0 0])
  ("load" .
   [1 0 0 2])
  ("read" .
   [2 0 0 1])
  ("int" .
   [5 0 2])
  ("dump" .
   [0 0 1 0])
  ("parafn" .
   [2 0 0 0 1 0])
  ("join" .
   [5 0 1 0])
  ("system" .
   [0 0 0 0 1 1])
  ("exists" .
   [1 0 0 1 0 2])
  ("os" .
   [14 0])
  ("ipdata" .
   [2 0 0 0 0 0])
  ("ipmap" .
   [1 0 0 0 0])
  ("ip_mu_for_" .
   [4 0 0 0 0 0 0 0 0 0])
  ("ip_mu" .
   [1 0 0 0 0])
  ("build_ip_mu_for_n" .
   [1 0 0 0 0 0 1 0 0 0 0 0 0 0 0 0 0])
  ("ip_mid_odd" .
   [0 0 1 1 1 1 0 0 0 0])
  ("ip_disc" .
   [0 0 0 0 1 0 0])
  ("ns" .
   [2 0])
  ("nmap" .
   [2 0 0 1])
  ("k" .
   [8])
  ("map" .
   [3 0 0])
  ("build_B_map_on_mu" .
   [0 0 0 1 0 0 0 0 0 0 0 0 0 0 0 0 0])
  ("funcB" .
   [0 0 0 2 0])
  ("boson_integration" .
   [0 0 1 0 0 0 0 0 0 0 0 0 0 0 0 0 0])
  ("mus" .
   [4 0 0])
  ("log10Ts" .
   [3 0 4 2 3 2 1])
  ("t_n1t" .
   [4 0 2 1 3])
  ("12" .
   [8 0])
  ("inv2ms" .
   [7 0 4 1 1 3])
  ("parafn_f" .
   [1 0 0 0 0 0 0 0])
  ("gbs" .
   [14 0 1])
  ("gs" .
   [6 1])
  ("pickle" .
   [2 0 1 2 1 1])
  ("parafn_py" .
   [1 0 0 0 1 0 0 0 0])
  ("pickled" .
   [1 0 0 0 0 0 0])
  ("instance" .
   [1 0 0 0 0 0 0 0])
  ("ins" .
   [4 0 0])
  ("ip_mu_for_n" .
   [2 0 0 1 0 2 1 0 0 0 0])
  ("mumap" .
   [1 0 0 2 0])
  ("write_module_mu" .
   [1 0 0 0 0 0 0 0 0 0 0 0 0 0 0])
  ("ip_ch" .
   [2 0 0 0 0])
  ("ip_mid" .
   [1 0 0 1 0 0])
  ("satu" .
   [1 0 0 0])
  ("Exception" .
   [0 0 1 0 0 0 0 0 0])
  ("mode" .
   [5 0 0 0])
  ("Ncp" .
   [1 0 0])
  ("cnapp" .
   [1 0 0 0 0])
  ("end" .
   [13 0 0])
  ("subroutine" .
   [3 0 0 0 1 0 0 0 0 0])
  ("EMA" .
   [2 0 0])
  ("cG" .
   [0 1])
  ("elif" .
   [5 0 1 0])
  ("filename" .
   [3 0 0 0 0 0 0 0])
  ("SetInfo" .
   [0 0 1 0 0 0 0])
  ("set" .
   [11 0 0])
  ("file" .
   [8 0 0 1])
  ("av" .
   [1 0])
  ("infodct" .
   [1 0 0 0 0 0 0])
  ("toselfvar" .
   [0 0 1 0 0 0 0 0 0])
  ("not" .
   [6 0 0])
  ("genre" .
   [2 0 0 0 0])
  ("label" .
   [1 0 0 1 0])
  ("series" .
   [1 0 0 1 0 0])
  ("director" .
   [1 0 0 0 0 0 1 0])
  ("time" .
   [8 0 0 1])
  ("date" .
   [7 0 0 0])
  ("title" .
   [17 0 0 0 0])
  ("actors" .
   [6 0 0 1 0 0])
  ("actor" .
   [2 0 0 1 0])
  ("value" .
   [6 0 0 0 0])
  ("dct" .
   [11 0 0])
  ("info" .
   [9 0 0 1])
  ("code" .
   [11 0 0 0])
  ("tag" .
   [2 0 0])
  ("tags" .
   [5 0 0 1])
  ("NC" .
   [1 0])
  ("c_" .
   [1 0])
  ("ip_zeta" .
   [0 0 0 1 0 0 0])
  ("eta" .
   [4 0 0])
  ("space" .
   [1 0 0 0 0])
  ("check_edge" .
   [0 0 0 1 0 0 0 0 0 0])
  ("max" .
   [6 0 0])
  ("exp" .
   [2 0 0])
  ("inv2m" .
   [1 0 4 3 4])
  ("mu" .
   [12 0])
  ("u" .
   [2])
  ("Pni" .
   [1 0 0])
  ("chi" .
   [1 0 0])
  ("i" .
   [56])
  ("j" .
   [17])
  ("10000" .
   [1 0 0 0 0])
  ("python" .
   [1 0 1 0 0 0])
  ("index_file_dict" .
   [1 0 0 0 1 1 0 0 0 0 0 0 0 0 1])
  ("docs.python.jp/2/index.html" .
   [0 0 0 0 0 0 0 0 0 0 0 0 0 0 0 0 0 0 0 0 0 0 0 0 0 0 1])
  ("root_path" .
   [0 0 0 2 0 0 0 0 0])
  ("un_hist_fn" .
   [0 0 0 4 0 1 0 0 0 0])
  ("def" .
   [92 0 0])
  ("classmethod" .
   [0 0 0 1 0 0 0 0 0 0 0])
  ("b" .
   [3])
  ("self" .
   [105 0 1 2])
  ("zeros" .
   [6 0 0 0 1])
  ("import" .
   [30 0 6 14 17 1])
  ("from" .
   [38 0 0 0])
  ("Chebyshev" .
   [0 0 4 0 0 0 0 0 1])
  ("num" .
   [6 0 0])
  ("class" .
   [20 0 0 0 0])
  ("object" .
   [2 0 7 5 2 0])
  ("f" .
   [47])
  ("a" .
   [5])
  ("e0" .
   [4 0])
  ("M" .
   [5])
  ("prec" .
   [4 0 0 0])
  ("l" .
   [22])
  ("r" .
   [22])
  ("T" .
   [3])
  ("coef" .
   [7 0 0 0])
  ("eps" .
   [12 0 0])
  ("sum" .
   [2 0 0])
  ("return" .
   [61 0 0 1 1 1])
  ("float" .
   [3 0 1 0 0])
  ("double" .
   [7 0 0 11 2 4])
  ("if" .
   [89 0])
  ("x" .
   [36])
  ("and" .
   [8 0 0])
  ("or" .
   [4 0])
  ("print" .
   [87 1 0 0 0])
  ("Warning" .
   [0 0 0 0 1 0 0])
  ("range" .
   [20 0 0 1 0])
  ("the" .
   [4 0 0])
  ("while" .
   [2 0 0 0 0])
  ("for" .
   [64 0 0])
  ("cheb" .
   [3 0 0 0])
  ("0" .
   [173])
  ("copyright" .
   [0 0 1 0 0 0 0 0 0])
  ("coerce" .
   [0 0 2 1 0 0])
  ("abs" .
   [1 0 0])
  ("err" .
   [2 0 0])
  ("else" .
   [22 1 1 0])
  ("raise" .
   [4 0 0 0 0])
  ("NumericalExceptions" .
   [0 0 2 0 0 0 0 0 0 0 0 0 0 0 0 0 0 0 0])
  ("RunoutError" .
   [0 0 2 1 0 0 0 0 0 0 0])
  ("_ip_cheb_" .
   [0 0 0 0 1 0 0 0 0])
  ("msg" .
   [2 0 0])
  ("ip_cheb" .
   [1 0 0 0 0 0 0])
  ("as" .
   [13 0])
  ("np" .
   [12 0])
  ("pi" .
   [7 0])
  ("ipf" .
   [1 0 0])
  ("None" .
   [18 1 0 2])
  ("__init__" .
   [1 0 0 0 1 5 0 0])
  ("ip_cheb_fonx" .
   [1 0 0 0 0 0 0 0 0 0 0 0])
  ("ip_cheb_fonx0" .
   [1 0 0 0 0 0 0 0 0 0 0 0 1])
  ("fonx0" .
   [6 0 0 1 1])
  ("is" .
   [13 0])
  ("list" .
   [3 0 0 0])
  ("points" .
   [1 0 0 0 0 0])
  ("get_coef" .
   [1 0 0 0 0 1 0 0])
  ("10" .
   [26 0])
  ("len" .
   [22 0 0])
  ("Tzero" .
   [1 0 0 0 0])
  ("Tzeros" .
   [1 0 0 0 0 0])
  ("in" .
   [63 0])
  ("x0" .
   [12 0])
  ("32" .
   [1 0])
  ("with" .
   [10 0 0 0])
  ("on" .
   [1 0])
  ("keys" .
   [6 0 0 1])
  ("key" .
   [10 0 1])
  ("zip" .
   [0 1 0])
  ("alias_suffix" .
   [1 0 0 0 1 0 0 0 0 0 0 0])
  ("tmp" .
   [11 0 0])
  ("path" .
   [47 2 3 3])
  ("name" .
   [5 0 0 0])
  ("alias_fmt" .
   [1 0 0 0 0 0 0 0 0])
  ("v" .
   [7])
  ("version" .
   [2 0 0 0 0 0 0])
  ("append" .
   [6 0 1 2 0 3])
  ("get_sh_code" .
   [1 0 0 0 0 0 0 0 0 0 0])
  ("cmds" .
   [3 0 0 0])
  ("delikm" .
   [1 0 0 0 0 0])
  ("delim" .
   [1 0 0 0 2])
  ("anal_fmt0" .
   [0 0 0 1 0 0 0 0 0])
  ("fn" .
   [8 0])
  ("avobjs" .
   [0 0 0 1 1 0])
  ("o" .
   [4])
  ("fmt1" .
   [1 0 0 0])
  ("anal_fmt0unc" .
   [2 0 0 0 0 0 0 0 0 0 0 0])
  ("anal_fmt0cen" .
   [1 0 0 0 0 0 0 0 0 0 0 0])
  ("find" .
   [3 0 0 0])
  ("tag_indexs" .
   [0 0 0 0 4 0 4 0 0 1])
  ("ord" .
   [1 0 0])
  ("ordinary_indexs" .
   [0 0 0 0 5 0 0 0 0 0 0 0 0 0 0])
  ("findall" .
   [2 0 0 0 0 0 1])
  ("break" .
   [7 0 0 0 0])
  ("nontag" .
   [1 0 0 0 2 0])
  ("extract" .
   [0 0 0 2 0 0 0])
  ("ext" .
   [1 0 0])
  ("get_c_star" .
   [0 0 0 0 0 0 1 0 0 0])
  ("upn" .
   [3 0 0])
  ("c1" .
   [2 0])
  ("c2" .
   [1 0])
  ("c3" .
   [2 0])
  ("c0" .
   [2 0])
  ("p" .
   [12])
  ("numpy" .
   [4 0 0 1 6])
  ("matplotlib" .
   [0 0 0 0 0 0 0 1 0 0])
  ("S" .
   [9])
  ("plt" .
   [2 0 0])
  ("exit" .
   [1 0 1 0])
  ("akl2d" .
   [0 0 0 1 0])
  ("sys" .
   [4 0 0])
  ("Sx" .
   [2 0])
  ("Sy" .
   [2 0])
  ("y" .
   [3])
  ("call" .
   [6 7 0 0])
  ("mass" .
   [4 0 0 0])
  ("gb" .
   [11 0])
  ("none" .
   [4 3 2 2])
  ("precision" .
   [2 0 0 11 0 0 0 0 8])
  ("use" .
   [2 0 0])
  ("para" .
   [10 0 0 0])
  ("only" .
   [3 0 0 0])
  ("zeta" .
   [5 0 0 0])
  ("function" .
   [3 0 0 0 0 1 0 1])
  ("implicit" .
   [1 0 4 3 0 0 0 0])
  ("NormLegendreP" .
   [0 0 2 2 0 0 0 0 0 0 0 0 0])
  ("cp" .
   [5 1])
  ("2.d0" .
   [2 0 0 0])
  ("e" .
   [10])
  ("1.d0" .
   [4 0 0 0])
  ("f_integrandInEMA" .
   [0 0 0 0 2 0 0 0 0 0 0 0 0 0 0 0])
  ("n" .
   [29])
  ("integer" .
   [5 0 0 0 1 0 1])
  ("do" .
   [4 0])
  ("2" .
   [10])
  ("1" .
   [4])
  ("nappmax" .
   [0 0 0 0 2 2 0])
  ("enddo" .
   [6 0 0 2 0])
  ("open" .
   [15 0 2 0])
  ("dat" .
   [2 0 0])
  ("status" .
   [2 0 0 0 0 0])
  ("unknown" .
   [2 0 0 0 0 0 0])
  ("close" .
   [1 0 0 0 2])
  ("fnpInEMA" .
   [0 0 0 1 0 1 0 0])
  ("0.d0" .
   [5 0 0 0])
  ("ip_fpcp" .
   [1 0 1 1 1 0 0])
  ("write" .
   [23 0 0 1 0])
  ("g" .
   [6])
  ("construct_para_map" .
   [0 0 0 0 0 0 0 0 0 0 0 0 0 0 0 0 0 1])
  ("str" .
   [8 1 0])
  ("s" .
   [11])
  ("replace" .
   [2 0 0 0 0 0 0])
  ("xy" .
   [1 0])
  ("fmt" .
   [9 0 1])
  ("16" .
   [2 0])
  ("A" .
   [1])
  ("dT" .
   [1 0])
  ("fs" .
   [3 0])
  ("m" .
   [3])
  ("satu_map" .
   [1 0 0 0 0 0 0 0])
  ("25" .
   [1 0])
  ("then" .
   [4 0 0 0])
  ("endif" .
   [3 0 0 1 0])
  ("new_eta" .
   [0 0 0 0 0 0 2])
  ("getnew" .
   [0 0 0 1 0 0])
  ("new_zeta" .
   [0 0 0 0 0 0 0 1])
  ("1.d" .
   [3 0 0])
  ("__main__" .
   [0 0 0 0 0 0 1 0])
  ("test" .
   [6 0 0 0])
  ("sleep" .
   [2 0 4 1 2])
  ("input" .
   [1 0 1 0 0])
  ("done" .
   [3 0 0 0])
  ("dones" .
   [3 0 0 1 0])
  ("loggene" .
   [1 0 0 0 0 0 0])
  ("gp" .
   [5 0])
  ("pltfn" .
   [2 0 2 0 0])
  ("epsfn" .
   [1 0 1 1 0])
  ("d1" .
   [5 0])
  ("False" .
   [9 0 0 0 0])
  ("ret" .
   [5 0 0])
  ("muvsT" .
   [0 0 1 0 0])
  ("dats" .
   [2 0 0 0])
  ("d3" .
   [1 0])
  ("d2" .
   [4 0])
  ("d0" .
   [4 0])
  ("ip_ch_Fd2" .
   [1 0 0 0 0 0 0 0 0])
  ("y_" .
   [1 0])
  ("t_n" .
   [2 0 0])
  ("t_ns" .
   [1 0 0 0])
  ("copy" .
   [1 0 0 1])
  ("deepcopy" .
   [0 0 0 0 1 0 0 0])
  ("dregion" .
   [0 0 0 2 0 0 0])
  ("nt_n1t" .
   [1 0 0 0 0 0])
  ("dis" .
   [0 0 1])
  ("dipolar_fermion" .
   [0 0 0 1 0 0 0 0 0 0 0 0 0 0 0])
  ("anal_pure_fort" .
   [0 0 0 1 0 0 0 0 0 0 0 0 0 0])
  ("datfns" .
   [1 0 0 2 0 0])
  ("ig" .
   [1 0])
  ("nvsdE_g" .
   [0 0 0 1 0 0 0])
  ("Tcvst_n1t_g" .
   [0 0 1 1 0 0 0 0 0 0 0])
  ("build_ipdata_satu" .
   [0 0 1 0 0 0 0 0 0 0 0 0 0 0 0 0 0])
  ("QM" .
   [9 0])
  ("eval" .
   [1 0 0 0])
  ("sect" .
   [1 0 0 0])
  ("try" .
   [5 0 1])
  ("except" .
   [2 0 0 1 2 2])
  ("OutofInterpolation" .
   [0 0 1 0 0 1 0 0 0 0 0 0 0 0 0 0 0 0])
  ("mid" .
   [1 0 0])
  ("fm" .
   [1 0])
  ("preQM" .
   [1 0 0 1 0])
  ("st_n1t" .
   [0 0 0 1 0 0])
  ("el" .
   [2 0])
  ("reccur" .
   [1 0 0 0 0 0])
  ("T_c" .
   [1 0 0])
  ("1t" .
   [1 0])
  ("numbers" .
   [0 0 1 1 0 0 0])
  ("coin" .
   [1 0 0 0])
  ("coins" .
   [8 0 0 4 3])
  ("random" .
   [1 0 1 0 1 0])
  ("N" .
   [7])
  ("dice" .
   [2 0 0 0])
  ("d" .
   [7])
  ("V" .
   [1])
  ("nplay" .
   [0 0 0 1 0])
  ("Gnuplot" .
   [0 0 0 2 0 0 0])
  ("soin" .
   [1 0 0 0])
  ("coins2hist" .
   [0 0 0 0 1 0 0 0 1 0])
  ("hist" .
   [4 0 0 0])
  ("c" .
   [4])
  ("alias" .
   [2 0 0 0 0])
  ("~/Dropbox/CE_ddint/uni_td_expand_2/solveCE4/dipolar_fermion" .
   [0 0 0 0 0 0 0 0 0 0 0 0 0 0 0 0 0 0 0 0 0 0 0 0 0 0 0 0 0 0 0 0 0 0 0 0 0 0 0 0 0 0 0 0 0 0 1 0 0 0 0 0 0 0 0 0 0 0 0])
  ("~/Dropbox/CE_ddint/uni_td_expand_2/solveCE4/dipolar_fermion/satu_pure_fortran/" .
   [0 0 0 0 0 0 0 0 0 0 0 0 0 0 0 0 0 0 0 0 0 0 0 0 0 0 0 0 0 0 0 0 0 0 0 0 0 0 0 0 0 0 0 0 0 0 0 0 0 0 0 0 0 0 0 0 0 0 0 0 0 0 0 0 1 0 0 0 0 0 0 0 0 0 0 0 0 0])
  ("ls" .
   [1 0])
  ("ll" .
   [1 0])
  ("dev_token" .
   [0 0 0 1 1 0 0 0 0])
  ("readinto" .
   [0 0 0 0 1 0 0 0])
  ("noteStore" .
   [0 1 0 0 0 0 0 0 0])
  ("Types" .
   [0 1 0 0 0])
  ("utf" .
   [6 0 0])
  ("wx" .
   [3 0])
  ("frame" .
   [2 0 0 1 0])
  ("application" .
   [0 0 0 1 0 0 0 0 0 0 0])
  ("300" .
   [1 0 0])
  ("special" .
   [1 0 0 0 0 0 0])
  ("eval_legendre" .
   [0 0 0 0 0 0 0 1 0 0 0 0 1])
  ("sqrt" .
   [1 0 1 0])
  ("api_certificated" .
   [0 0 1 2 1 0 0 0 0 0 0 0 0 0 0 0])
  ("/Users/yuuichi/" .
   [0 0 0 0 0 0 0 0 0 0 1 0 0 0 0])
  ("/Users/yuuichi/Dropbox/" .
   [0 0 0 0 0 0 0 0 0 0 0 0 0 0 0 0 0 0 0 1 0 0 0])
  ("/Users/yuuichi/Dropbox/lib/" .
   [0 0 0 0 0 0 0 0 0 0 0 0 0 0 0 0 0 0 0 0 0 0 0 0 0 0 1])
  ("/Users/yuuichi/Dropbox/lib/python/" .
   [0 0 0 0 0 0 0 0 0 0 0 0 0 0 0 0 0 0 0 0 0 0 0 0 0 0 0 0 0 1 0 0 0 0])
  ("/Users/yuuichi/Dropbox/lib/python/twipic/" .
   [0 0 0 0 0 0 0 0 0 0 0 0 0 0 0 0 0 0 0 0 0 0 0 0 0 0 0 0 0 0 0 0 0 0 0 0 0 1 0 0 0])
  ("OUTPUT_FILEPATH" .
   [0 0 0 2 0 0 0 0 0 0 0 0 0 0 0])
  ("yahoo" .
   [1 0 0 0 0])
  ("root" .
   [2 0 0 0])
  ("HorseParas" .
   [0 0 1 0 0 0 0 0 0 0])
  ("html" .
   [14 0 1 0])
  ("Output" .
   [0 1 1 1 0 0])
  ("filepath" .
   [3 0 2 0 0 0 0 0])
  ("savepath" .
   [0 0 0 2 1 0 0 0])
  ("race" .
   [2 0 0 0])
  ("2003" .
   [1 0 0 0])
  ("2013" .
   [1 0 0 0])
  ("target_year" .
   [0 0 0 2 0 0 0 0 0 0 0])
  ("year" .
   [1 0 0 0])
  ("05" .
   [1 0])
  ("vars" .
   [0 0 1 0])
  ("slef" .
   [1 0 0 0])
  ("alphas" .
   [1 0 0 0 0 0])
  ("logfilename" .
   [1 0 0 0 0 0 0 0 0 0 0])
  ("nframe" .
   [0 0 1 0 0 0])
  ("RaceRanking" .
   [0 0 0 0 0 0 0 0 0 0 1])
  ("RacePara" .
   [0 0 0 1 0 1 0 0])
  ("pickledfilename" .
   [0 0 1 0 0 0 0 0 0 0 0 0 0 0 0])
  ("ris" .
   [6 0 0])
  ("odds" .
   [0 0 0 1])
  ("re" .
   [5 0])
  ("RaceStopFrag" .
   [0 0 0 0 0 2 0 0 1 0 0 0])
  ("test_fn" .
   [0 0 0 0 0 0 1])
  ("racehtml" .
   [2 0 0 0 0 0 0 0])
  ("unicode" .
   [1 0 0 0 0 0 1])
  ("getRaceInfo" .
   [0 0 0 0 0 0 0 0 0 0 1])
  ("Stop" .
   [3 0 1 0])
  ("stop" .
   [7 0 0 0])
  ("main" .
   [2 0 0 0])
  ("getchar" .
   [1 0 0 0 0 0 0])
  ("putchar" .
   [1 0 0 0 0 0 0])
  ("printf" .
   [1 0 0 0 0 0])
  ("char" .
   [1 0 0 0])
  ("SQLITEDBfn" .
   [0 0 2 0 0 0 0 0 0 0])
  ("conn" .
   [1 0 0 0])
  ("lock" .
   [3 0 0 0])
  ("urlclassifier3.sqlite" .
   [0 0 0 1 0 0 0 0 0 0 0 0 0 0 0 0 0 0 0 0 0])
  ("check" .
   [1 0 0 0 0])
  ("FFPATH" .
   [0 0 1 0 1 0])
  ("default" .
   [1 0 0 0 0 0 0])
  ("DFPATH" .
   [0 0 3 0 0 0])
  ("LOCKFN" .
   [0 0 5 0 0 0])
  ("URLSQLFN" .
   [0 1 3 0 0 0 0 0])
  ("-a" .
   [2 0])
  ("target" .
   [2 0 1 2 0 0])
  ("echo" .
   [2 0 0 0])
  ("kBT" .
   [2 3 2])
  ("tanh" .
   [2 0 0 0])
  ("zJ" .
   [3 3])
  ("bis" .
   [1 0 0])
  ("rr" .
   [1 0])
  ("lr" .
   [5 0])
  ("roots" .
   [2 0 0 0 0])
  ("ekB" .
   [1 0 0])
  ("ekBT" .
   [1 0 0 0])
  ("drange" .
   [0 0 1 0 0 0])
  ("dlog10kBT" .
   [0 0 1 0 0 0 0 0 0])
  ("log10kBT" .
   [1 0 0 0 0 0 0 1])
  ("routine" .
   [0 0 0 0 0 0 1])
  ("__name__" .
   [0 0 0 0 0 0 1 1])
  ("args" .
   [1 0 0 0])
  ("24" .
   [1 0])
  ("cos" .
   [0 2 0])
  ("program" .
   [0 1 0 0 0 0 0])
  ("E24.16" .
   [1 0 0 0 0 0])
  ("func" .
   [14 0 0 1])
  ("pf" .
   [4 0])
  ("parameter" .
   [0 0 0 1 2 0 1 0 0])
  ("ex2" .
   [1 0 0])
  ("integrand_row" .
   [1 0 1 0 1 0 0 0 0 1 0 0 0])
  ("0.1d0" .
   [1 0 0 0 0])
  ("abst" .
   [0 0 0 1])
  ("DE0I" .
   [1 0 0 1])
  ("external" .
   [1 0 0 0 0 0 0 0])
  ("feedparser" .
   [0 0 0 1 0 1 0 0 0 0])
  ("finally" .
   [0 0 0 0 1 0 0])
  ("http" .
   [3 0 0 0])
  ("xml" .
   [4 0 0])
  ("xmls" .
   [1 0 0 0])
  ("pass" .
   [0 0 1 0])
  ("parse" .
   [0 0 0 1 0])
  ("indent" .
   [0 0 0 0 0 2])
  ("src" .
   [5 0 0])
  ("nindent" .
   [0 0 0 1 0 0 0])
  ("sankei" .
   [0 0 0 1 0 0])
  ("rss" .
   [3 0 0])
  ("asahi" .
   [2 0 0 0 0])
  ("KeyError" .
   [0 0 0 0 0 0 0 1])
  ("nikkei" .
   [2 0 0 0 0 0])
  ("akahata" .
   [3 0 0 0 0 0 0])
  ("mainichi" .
   [3 0 0 0 0 0 0 0])
  ("google" .
   [2 0 0 1 1 1])
  ("phrase" .
   [2 0 4 1 0 0])
  ("lang" .
   [1 0 0 0])
  ("dctsipy" .
   [1 0 0 0 0 0 0])
  ("certificate" .
   [0 0 0 0 0 0 0 0 0 0 1])))
